801011001
801011002
801011003
801011004
801011005
801011006
801011007
801011008
801011009
801011010
801011011
801011012
801011013
801011014
801011015
801011016
801011017
801011018
801011019
801011020
801011021
801011022
801011023
801011024
801011025
801011026
801011111
801011142
801011143
801011144
801031031
801031032
801031113
801031114
801031115
801041034
801041035
801041036
801041037
801041038
801041039
801041040
801041043
801041044
801041045
801041046
801041047
801041048
801041116
801041117
801041118
801041119
801041120
801041121
801041122
801051049
801051050
801051051
801051053
801051054
801051055
801051056
801051057
801051058
801051060
801051061
801051123
801051124
801051125
801051126
801051127
801051128
801061062
801061063
801061064
801061066
801061067
801061068
801061069
801061070
801061129
801061130
801061131
801071071
801071072
801071073
801071074
801071075
801071076
801071077
801071078
801071079
801071080
801071081
801071082
801071083
801071084
801071085
801071086
801071087
801071088
801071089
801071090
801071132
801081091
801081092
801081093
801081094
801081095
801081096
801081097
801081098
801081133
801091099
801091100
801091101
801091102
801091103
801091104
801091105
801091106
801091107
801091108
801091109
801091110
801101134
801101135
801101136
801101137
801101139
801101145
801101146
801111140
801111141