502011021
502011022
502011023
502011024
502011025
502011026
502011027
502011028
502011029
503011030
503011031
503011032
503011033
503011034
503011035
503011036
503021037
503021038
503021039
503021040
503021042
503021043
503021295
503021296
503021297
504011044
504011045
504011046
504011047
504011048
504021049
504021050
504021051
504021052
504021053
504021054
504031055
504031056
504031057
504031058
504031060
504031061
504031062
504031063
504031064
504031065
504031066
504031067
504031068
504031069
504031298
504031299
504031300
505011070
505011071
505011072
505011073
505011074
505011075
505011076
505011077
505011078
505011079
505011080
505011081
505011082
505011083
505021084
505021085
505021087
505021088
505021089
505021090
505021091
505021092
505021093
505021094
505021095
505021096
505021097
505021301
505021302
505031098
505031099
505031100
505031101
505031102
505031104
505031105
505031106
505031107
505031255
505031256
505031257
505031258
505031303
505031304
505031305
505031306
506011110
506011111
506011112
506011114
506011115
506011116
506011117
506011307
506011308
506021118
506021119
506021120
506021121
506021123
506021309
506021310
506021311
506031124
506031125
506031126
506031127
506031128
506031129
506031130
506031131
506041132
506041133
506041134
506041135
506041136
506041137
506051138
506051139
506051140
506051141
506061142
506061143
506061144
506071145
506071146
506071147
507011148
507011150
507011151
507011152
507011153
507011154
507011155
507011158
507011159
507011160
507011161
507011163
507011259
507011260
507021164
507021165
507021166
507021167
507031169
507031170
507031172
507031173
507031174
507031261
507041175
507041176
507041177
507041178
507041179
507041180
507041181
507041182
507041183
507041184
507051186
507051187
507051188
507051189
507051190
507051191
507051192
507051193
507051312
507051313
507051314