102011028
102011029
102011030
102011031
102011032
102011033
102011034
102011035
102011036
102011037
102011038
102011039
102011040
102011041
102011042
102011043
102021044
102021045
102021046
102021047
102021048
102021049
102021050
102021051
102021052
102021053
102021054
102021055
102021056
102021057
115011290
115011291
115011294
115011296
115011553
115011554
115011555
115011556
115011557
115011558
115011621
115011622
115021297
115021298
115031299
115031300
115041301
115041623
115041624
115041625
116011303
116011304
116011306
116011307
116011560
116011561
116011626
116011627
116021309
116021562
116021563
116021628
116021629
116021630
116021631
116021632
116021633
116031313
116031314
116031315
116031316
116031317
116031318
116031319
117011320
117011321
117011323
117011324
117011325
117011634
117011635
117021327
117021328
117021636
117021637
117031329
117031330
117031331
117031333
117031336
117031638
117031639
117031640
117031641
117031642
117031643
117031644
117031645
117031646
117031647
117031648
118011339
118011340
118011341
118011342
118011344
118011345
118011346
118011347
118011649
118011650
118021564
118021565
118021566
118021567
118021568
118021569
118021570
118021651
118021652
118021653
118021654
119011354
119011355
119011356
119011358
119011360
119011361
119011571
119011572
119011655
119011656
119011657
119011658
119021362
119021366
119021367
119021573
119021574
119021659
119021660
119021661
119021662
119021663
119031370
119031371
119031372
119031373
119031374
119031664
119031665
119031666
119031667
119041377
119041378
119041379
119041380
119041381
119041382
119041668
119041669
119041670
119041671
120011383
120011385
120011386
120011672
120011673
120021387
120021389
120021674
120021675
120031392
120031393
120031394
120031395
120031396
120031576
120031676
120031677
120031678
120031679
120031680
120031681
121011399
121011401
121011682
121011683
121011684
121011685
121011686
121011687
121021403
121021404
121021406
121021577
121021578
121021579
121031407
121031408
121031409
121031410
121031411
121031412
121041413
121041414
121041416
121041417
121041688
121041689
122011418
122011419
122021420
122021421
122021422
122021690
122021691
122031424
122031425
122031427
122031429
122031430
122031432
122031692
122031693
122031694
122031695
122031696
122031697
123011433
123011698
123011699
123011700
123011701
123011702
123021436
123021437
123021438
123021439
123021441
123021443
123021444
123021703
123021704
123021705
123021706
123031445
123031446
123031447
123031448
124011449
124011450
124011451
124011452
124011453
124011454
124011455
124021456
124031457
124031459
124031460
124031461
124031462
124031463
124031464
124031465
124031707
124031708
124041466
124041467
124041468
124051469
124051470
124051580
124051581
125011475
125011582
125011583
125011584
125011585
125011586
125011587
125011709
125011710
125021477
125021478
125021711
125021712
125031479
125031480
125031481
125031483
125031484
125031486
125031487
125031713
125031714
125031715
125031716
125041489
125041490
125041491
125041493
125041494
125041588
125041589
125041717
125041718
125041719
126011496
126011720
126011721
126021498
126021499
126021500
126021501
126021503
126021590
126021722
126021723
126021724
126021725
127011504
127011505
127011592
127011593
127011594
127011595
127011596
127011597
127011726
127011727
127011728
127011729
127021509
127021510
127021511
127021512
127021513
127021514
127021515
127021516
127021517
127021518
127021519
127021520
127021521
127031522
127031523
127031524
127031599
127031601
127031730
127031731
127031732
127031733
128011529
128011530
128011531
128011602
128011603
128011604
128011605
128011606
128021533
128021534
128021535
128021536
128021537
128021538
128021607
128021608
128021609