206011106
206011107
206011109
206011495
206011496
206011497
206011498
206021110
206021112
206021499
206021500
206031113
206031115
206031116
206031501
206031502
206041117
206041118
206041119
206041120
206041121
206041124
206041125
206041127
206041503
206041504
206041505
206041506
206041507
206041508
206041509
206041510
206051128
206051129
206051130
206051134
206051511
206051512
206051513
206051514
206061135
206061136
206061138
206061515
206061516
206071139
206071140
206071141
206071142
206071143
206071145
206071517
206071518
207011146
207011147
207011148
207011149
207011150
207011152
207011154
207011155
207011519
207011520
207011521
207011522
207021156
207021157
207021159
207021160
207021424
207021425
207031161
207031162
207031163
207031164
207031165
207031166
207031167
208011168
208011169
208011170
208011171
208011172
208011173
208021174
208021176
208021177
208021178
208021179
208021180
208021181
208021182
208021426
208021427
208031183
208031184
208031185
208031186
208031187
208031188
208031189
208031190
208031191
208031192
208031193
208041194
208041195
209011196
209011197
209011198
209011199
209011200
209011201
209011202
209011203
209011204
209021205
209021428
209021429
209021523
209021524
209021525
209021526
209031209
209031210
209031211
209031212
209031213
209031214
209031215
209041216
209041217
209041220
209041221
209041223
209041224
209041225
209041431
209041432
209041433
209041435
209041436
209041437
209041527
209041528
209041529
209041530
209041531
209041532
210011226
210011227
210011228
210011230
210011231
210011533
210011534
210021232
210021233
210021234
210021235
210031236
210031237
210031439
210031440
210031535
210031536
210031537
210031538
210041240
210041539
210041540
210041541
210051242
210051243
210051245
210051246
210051247
210051248
210051250
210051441
210051442
210051443
210051445
210051542
210051543
210051544
210051545
211011251
211011254
211011255
211011256
211011257
211011258
211011259
211011260
211011446
211011447
211011448
211011449
211021261
211021262
211031263
211031265
211031266
211031267
211031268
211031450
211031451
211031452
211041269
211041270
211041271
211041272
211041273
211051274
211051275
211051276
211051277
211051278
211051279
211051280
211051281
211051282
211051283
211051284
211051285
211051286
212011289
212011546
212011547
212011548
212011549
212011550
212011551
212011552
212021293
212021295
212021297
212021299
212021453
212021454
212021455
212021456
212021553
212021554
212031300
212031303
212031304
212031306
212031308
212031457
212031458
212031555
212031556
212031557
212031558
212031559
212031560
212031561
212031562
212041309
212041310
212041312
212041313
212041316
212041317
212041318
212041459
212041460
212041563
212041564
212041565
212041566
212051319
212051321
212051322
212051323
212051324
212051325
212051326
212051327
212051567
212051568
213011328
213011329
213011331
213011332
213011333
213011334
213011335
213011336
213011337
213011338
213011339
213011340
213011569
213011570
213021341
213021342
213021343
213021344
213021345
213021346
213031347
213031348
213031349
213031350
213031351
213031352
213041353
213041358
213041359
213041360
213041461
213041462
213041463
213041571
213041572
213041573
213041574
213041575
213041576
213041577
213041578
213051361
213051362
213051363
213051368
213051464
213051466
213051467
213051468
213051579
213051580
213051581
213051582
213051583
213051584
213051585
213051586
213051587
213051588
213051589
213051590
214011370
214011371
214011372
214011373
214011374
214011375
214011376
214021377
214021378
214021379
214021381
214021382
214021383
214021384
214021385
214021591
214021592