301011001
301011002
301011003
301011004
301011005
301011006
301021007
301021008
301021009
301021011
301021012
301021013
301021550
301021551
301031014
301031015
301031016
301031017
301031018
301031019
301031020
301031021
302011022
302011023
302011024
302011025
302011026
302021027
302021028
302021029
302021030
302021031
302021032
302021033
302021034
302031035
302031036
302031037
302031038
302031039
302031040
302041041
302041042
302041043
302041044
302041045
302041046
303011047
303011048
303011049
303011050
303011051
303021052
303021053
303021054
303021055
303021056
303021057
303021058
303021059
303031060
303031061
303031062
303031063
303031064
303031065
303031066
303041067
303041068
303041069
303041070
303041071
303051072
303051073
303051074
303051075
303051076
303061077
303061078
303061079
303061080
304011081
304011082
304011083
304011084
304011085
304021086
304021087
304021088
304021089
304021090
304021091
304031092
304031093
304031094
304031095
304031096
304031097
304041098
304041099
304041100
304041101
304041102
304041103
304041104
305011105
305011106
305011107
305011108
305011109
305011110
305011111
305011112
305021113
305021114
305021115
305021116
305021117
305021118
305031119
305031120
305031121
305031122
305031123
305031124
305031125
305031126
305031127
305031128
305031129
305031130
305031131
305041132
305041133
305041134
305041135
305041136
305041137
310011271
310011272
310011274
310011275
310011276
310011563
310011564
310021277
310021278
310021279
310021280
310021281
310021282
310031283
310031284
310031285
310031286
310031287
310031288
310031289
310031290
310031291
310031292
310031293
310031294
310031295
310041297
310041298
310041299
310041300
310041301
310041302
310041303
310041304
310041565
310041566
311011305
311021306
311021307
311021308
311021309
311021310
311031311
311031312
311031313
311031314
311031315
311031316
311031317
311031318
311031319
311041322
311041567
311041568
311041569
311041570
311041571
311051323
311051324
311051325
311051326
311051327
311051328
311061329
311061330
311061331
311061332
311061333
311061334
311061335
311061336
313011362
313011363
313021364
313021366
313021367
313021368
313021369
313021572
313021573
313031370
313031371
313041372
313041373
313041374
313041375
313041376
313051377
313051378
313051379
313051380
313051574
313051575
314011382
314011383
314011384
314011385
314011386
314011387
314021389
314021576
314021577
314021578
314021579
314031391
314031392
314031393
314031394