401011001
401011002
401021003
401021004
401021005
401021006
401021007
401021008
401021009
401021010
401031011
401031012
401031013
401041014
401041015
401041016
401051017
401051018
401051019
401061020
401061021
401061022
401071023
401071024
402011025
402011026
402011027
402021028
402021029
402021030
402021031
402021032
402021033
402021034
402021035
402031036
402031038
402031175
402031176
402041039
402041040
402041041
402041042
402041043
402041044
402041046
402041047
402041048
402041171
402041172
402051049
402051050
402051051
402051052
402051053
402051054
402051055
403011056
403011057
403021058
403021059
403021060
403021061
403021062
403021063
403021064
403031065
403031066
403031067
403031068
403031069
403031070
403041071
403041072
403041073
403041074
403041075
403041076
403041077
403041078
403041079
403041080
403041081
403041082
403041083
403041084
403041085
403041086
403041088
403041089
403041177
403041178
404011090
404011091
404011092
404011093
404011094
404011095
404011096
404011097
404021098
404021099
404021100
404021101
404021102
404021103
404031104
404031105
404031106
404031107
404031108
404031109