306011138
306011139
306011140
306011141
306011142
306011143
306021144
306021145
306021146
306021147
306021148
306021149
306021150
306021151
306021152
306021153
306021154
306021155
306021156
306021157
306031158
306031159
306031160
306031161
306031162
306031163
306041164
306041165
306051166
306051167
306051168
306051169
306051170
307011171
307011172
307011173
307011174
307011175
307011176
307011177
307011178
307021179
307021180
307021181
307021182
307021183
307031184
307031185
307031186
307031187
307031188
307031189
308011190
308011191
308011192
308031205
308031206
308031207
308031208
308031209
308031210
308031211
308031212
308031213
308031214
308031215
308031216
308031217
308031218
308031219
308031220
308031221
308031222
308031223
308041528
308041529
308051530
308051531
308051532
308051533
308051534
308051535
308051536
308051537
308051538
308051539
309011224
309011225
309011226
309011227
309011228
309011229
309021230
309021231
309021232
309021233
309021234
309031235
309031236
309031237
309031238
309031239
309031240
309041241
309041242
309051243
309051244
309051245
309061246
309061247
309061248
309061249
309061250
309071251
309071252
309071253
309071254
309071256
309071552
309071553
309071554
309071555
309071556
309071557
309071558
309081259
309081260
309081262
309081559
309081560
309091263
309091264
309091265
309091540
309091541
309101267
309101268
309101269
309101561
309101562
312011337
312011338
312011339
312011340
312011341
312021342
312021343
312021344
312021345
312021346
312021347
312021348
312021349
312021350
312021351
312021352
312021353
312021354
312021355
312021356
312021357
312021358
312031359
312031360
312031361
315011395
315011396
315011397
315011398
315011399
315011400
315011401
315011402
315011403
315021404
315021405
315021406
315021407
315031408
315031409
315031410
315031411
315031412
316011413
316011414
316011415
316011416
316021417
316021418
316021419
316021421
316021422
316021423
316021424
316021580
316021581
316031425
316031426
316031427
316031428
316051434
316051435
316051437
316051438
316051543
316051544
316061439
316061440
316061441
316061442
316061443
316061444
316071545
316071546
316071547
316071548
316081549
317011445
317011446
317011447
317011448
317011449
317011450
317011451
317011452
317011453
317011454
317011455
317011456
317011457
317011458
317011459
318011460
318011461
318011462
318011463
318011464
318011465
318011466
318021467
318021468
318021469
318021470
318021471
318021472
318021474
318021475
318021476
318021477
318021478
318021479
318021480
318021481
318021482
318021483
318021484
318021485
318021486
318021487
318021488
318021489
318021490
318021491
318021582
318021583
319011492
319011493
319011494
319011495
319011496
319011497
319011498
319011499
319011500
319011501
319011502
319021503
319021504
319021505
319021506
319021507
319021508
319021509
319021510
319031511
319031512
319031513
319031514
319031515
319041516
319041517
319041518
319041519
319041520
319041521
319051522
319051523
319051524
319051525
319051526