101021007
101021008
101021009
101021010
101021012
101021610
101021611
101031013
101031014
101031015
101031016
101041017
101041018
101041019
101041020
101041021
101041022
101041023
101041024
101041025
101041026
101041027
101051539
101051540
101061541
101061542
101061543
101061544
103011059
103011060
103011061
103011612
103011613
103021062
103021063
103021064
103021065
103021066
103021067
103021068
103021069
103031070
103031071
103031072
103031073
103031074
103031075
103041076
103041077
103041078
103041079
104011080
104011081
104011082
104021083
104021084
104021085
104021086
104021087
104021088
104021089
104021090
104021091
105011092
105011093
105011094
105011095
105011096
105021097
105021098
105031099
105031100
105031101
105031102
105031103
105031104
105031105
105031106
106011107
106011108
106011109
106011110
106011111
106011112
106011113
106021114
106021116
106021614
106021615
106021616
106021617
106021618
106031119
106031120
106031121
106031122
106031123
106031124
106031125
106041126
106041127
106041128
106041129
107011131
107011132
107011133
107011134
107011545
107011546
107011547
107021135
107031136
107031137
107031138
107031139
107031140
107031141
107031142
107031143
107041144
107041145
107041146
107041147
107041148
107041150
107041548
107041549
108011151
108011152
108011153
108011154
108021155
108021156
108021157
108021158
108021159
108021160
108031161
108041162
108041164
108041165
108041166
108041619
108041620
108051167
108051168
108051169
108051170
108051171
109011172
109011173
109011174
109011175
109011176
109021177
109021178
109021179
109031180
109031181
109031182
109031183
109031184
109031185
110011186
110011187
110011188
110011189
110021190
110021191
110021192
110021193
110021194
110031195
110031196
110031197
110031198
110041199
110041200
110041201
110041202
110041203
110041204
110041205
111011206
111011207
111011208
111011209
111011210
111011211
111011212
111011213
111011214
111021215
111021216
111021217
111021218
111021219
111021220
111021221
111031222
111031223
111031224
111031225
111031226
111031227
111031228
111031229
111031230
111031231
111031232
111031233
111031234
111031235
112011236
112011237
112011238
112011239
112011240
112011241
112011242
112011243
112021244
112021245
112021246
112021247
112021248
112021249
112031250
112031251
112031252
112031253
112031254
112031550
112031551
112031552
113011256
113011257
113011258
113011259
113021260
113021261
113021262
113031263
113031264
113031265
113031266
113031267
113031268
113031269
113031270
113031271
114011272
114011273
114011274
114011275
114011276
114011277
114011278
114011279
114011280
114011281
114011282
114011283
114021284
114021285
114021286
114021287
114021288
114021289