602011036
602011037
602011038
602011039
602011040
602011041
602011042
602011043
602011044
602011045
602011046
602011047
602011048
602011049
602011050
602011051
602011052
602021053
602021054
602021055
602021056
602021057
602031058
602031059
602031060
602031061
602031062
602031064
602031099
602031100
603011065
603011066
603011067
603011068
603021069
603021070
603021071
603021072
603031073
603031074
604011075
604011076
604011077
604011078
604011079
604011080
604011081
604011082
604011083
604011084
604021085
604021086
604021087
604021088
604021089
604021090
604021091
604021092
604031093
604031094
604031095
604031096
604031097
604031098