501011001
501011003
501011004
501011293
501011294
501021005
501021007
501021008
501021009
501021010
501021011
501021012
501021014
501021015
501021016
501021251
501021252
501021253
501021254
501031017
501031018
501031019
501031020
509011225
509011226
509011227
509011228
509011229
509011230
509011231
509011232
509011233
509011234
509011235
509021236
509021237
509021238
509021239
509021240
509021241
509021242
509021243
509021244
509021245
509031246
509031247
509031248
509031249
509031250
510011262
510011263
510011264
510011265
510011266
510021267
510021268
510021269
510021270
510031271
510031272
510031273
511011274
511011275
511021276
511021277
511031278
511031279
511031280
511031281
511031282
511031283
511031284
511041285
511041286
511041287
511041288
511041289
511041290
511041291
511041292