201011001
201011002
201011005
201011006
201011007
201011008
201011481
201011482
201011483
201011484
201021009
201021010
201021011
201021012
201031013
201031014
201031015
201031016
201031017
202011018
202011019
202011020
202011021
202011022
202011023
202011024
202011025
202021026
202021027
202021028
202021029
202021030
202021031
202031032
202031033
203011034
203011035
203011036
203021037
203021039
203021040
203021042
203021043
203021044
203021045
203021046
203021047
203021485
203021486
203021487
203021488
203031048
203031049
203031051
203031052
203031053
203031489
203031490
204011054
204011055
204011056
204011057
204011058
204011059
204011060
204011061
204011062
204021063
204021064
204021065
204021066
204021067
204031068
204031069
204031070
204031071
204031072
204031073
204031075
204031491
204031492
205011076
205011077
205011078
205011079
205021080
205021081
205021082
205021083
205021084
205021085
205021086
205031087
205031088
205031089
205031090
205031091
205031092
205031093
205041094
205041095
205041096
205041098
205041493
205041494
205051099
205051100
205051101
205051102
205051103
205051104
215011386
215011387
215011388
215011389
215011390
215011391
215011392
215011393
215011394
215021395
215021396
215021398
215021399
215021469
215021470
215031400
215031401
215031402
215031403
215031404
215031405
216011406
216011407
216011408
216011409
216011410
216021411
216021412
216021413
216021414
216031415
216031416
216031418
216031419
216031593
216031594
217011420
217011421
217011422
217011423
217031471
217031472
217031473
217031474
217031475
217031476
217041477
217041478
217041479
217041480