405011110
405011111
405011112
405011113
405011114
405011115
405021116
405021117
405021118
405021119
405031120
405031121
405031122
405031123
405041124
405041125
405041126
405041127
405041128
406011129
406011130
406011131
406011132
406011133
406011134
406011135
406011136
406011137
406021138
406021139
406021140
406021141
406021142
406021143
407011144
407011145
407011146
407011147
407011148
407011149
407021150
407021151
407021152
407021154
407021155
407021156
407021157
407021158
407021173
407021174
407031159
407031160
407031161
407031162
407031163
407031164
407031165
407031166
407031167
407031168
407031169
407031170